X_Y_Z_1_Model=[-1.81625293554116          1.63168064407459         -5.43405101875695
           2.5119197790656          1.48882208335383           -5.003880190498
         -8.28729027841132          13.7186045550761         -21.8611611240142
          1.98606253329127           4.4720593856161         -7.64260757571054
          -8.4487656155329          9.01039485315098         -17.4314022141723
         -8.55727701569168          6.90687193272371         -15.1501106779234
         -13.4232849232753          14.3322563197882          -22.857093186285
          4.24056400354015          4.32502474727747          -7.3258580567244
         -9.05450856919116          5.56418015567891         -14.0933025190243
          -8.5252141910564          3.65303134255051         -12.3358142146339
          2.89152596467405          4.67276050168933         -7.68464896986657
         -9.38399899762101           10.781565577152         -19.6588436238488
         0.334559197394463          4.33138836998591         -7.16282244209153
          1.05784082830683          3.04603479930678         -6.29967771880804
         -5.94127827579149          3.62728475675181         -11.5942140183782
         -8.16186210535462          3.39984085738726         -12.0864502004868
       -0.0802043905258641          4.40871508209939         -6.96965333173211
          -10.589946227229          13.7810500192426         -22.5930755181498
         -1.34838508327624          2.06654365218216         -5.87817286443624
         -5.97412130358556          4.75698420046002         -12.2952863307748
         -5.67490060258872         0.195030859198849         -8.79652732745298
         -1.43353808769566          2.96047940399129         -6.48927729781882
        -0.266045893372463          2.59802113964942         -5.86685258839218
         -8.93144043795377          12.6451503796413         -21.5019609020555
          2.72568229777091          4.66967432436332         -7.64704688966683
         -9.30976914831342          6.72245267365821         -14.9956507442782
         -5.96133866726736            3.818888300796         -11.7550438654429
          4.06450214160565          4.15778449007813         -7.57185303016903
         -10.3620652428505           8.8063479320557         -17.2332475281738
        -0.258884503488583          3.16735322260547         -6.39566043161532
         0.942702454512988          1.93679785313465         -5.61171001911578
          1.52717968516361          3.44069454226389         -6.72140508483648
          -1.5958947382032          5.02731802565657          -8.5584292528814
         -1.93025184007204          4.30258254618405         -7.67463454876643
         -8.31197091696775          5.05904138374503         -13.6749529889226
         -1.93102475565732          4.49802759227272         -7.94928598084366
         -1.25125941130191          4.66713131537623         -8.05770641228067
          1.84648384419001          3.41493178088604          -6.6927688150728
          1.44499919887397          3.23736794025124         -6.68155395631137
         -9.63682657102942           5.3639853391514         -14.0935699555649
        -0.477171538235116         0.983811578011326         -4.45151950509325
         -1.98754049904224          4.63011313104632         -7.54034750852265
          1.94469556041869          3.21707693200721         -6.57058066559767
         -5.37758896716908          4.33230905815059         -11.6812788521206
         -9.39359890012623          12.8832245247801         -21.0064844473317
          2.86779012380022          4.47218767724139         -7.53326646559193
         -1.83880699134309          2.99825966398628         -6.56547151899149
        -0.737291576646119             2.81771388958         -5.86566556080841
         -5.64005207630723         0.662892916689934         -9.30919960121971
         -8.98260228550233          7.54019377859507         -15.0825009252509
        -0.286687770869187          1.75076229166056         -4.98633253101662
         0.782059219521212          3.95654800021751         -7.16663231524889
       -0.0999130558762249          1.68449898932295         -4.75739649447633
         -1.89503040591158          4.34796160259728          -7.8972654058972
         -1.89483320481908          4.62518133552526         -8.21767109463199
         -5.38193831211348          6.35194331236036         -13.4993161851751
          1.90190961986017          4.93375056294792         -7.70087839751824
         -6.06685101615711          3.05796316676277         -10.9800044781489
         -1.88671822951514          3.05543403655382         -6.56746709340595
         -7.38982117948164          6.68692428112964         -14.9597684120537
          2.83782645633326          4.22364995832967         -7.26414511492136
        -0.249332115123602           1.7014592224333         -4.82803372653743
          2.26444928262784          2.84278808136346          -5.9699717077028
         -8.44863438973821          12.0027119882654         -20.2588544468441
       -0.0750937605497032          4.46246787564912         -7.06357547832496
          1.49326875806682           3.3088684954681         -6.76606000746343
          6.19095363043399          7.00088734224458         -11.1003524676025
         -8.26969986461657          3.32799507650131         -11.9887222429097
      -0.00109027368597661          3.00327266170358         -6.02601192091379
           -6.383076073824          2.48191033897924         -10.6070598786058
         -6.38615090364595          2.28036379421363           -10.57225021092
         -9.57879770917291          11.1357024974323         -19.5765515550477
          -16.051507304703          12.9031837268697         -21.9687010618588
         -9.36772387426554          10.8083265802026         -19.4512359927008
        -0.178898054438795          3.66557255539371          -6.5018746953291
         -10.5675494064559          10.9679727326381         -19.6175266906646
         -5.40186122143573          4.28016743189607         -11.5953182676121
         -9.93850980888702          9.91870407387197         -18.5112405871636
         -1.89680844726788          4.65466024794749         -8.21388835469996
         -12.3320440630545          12.7378722985495         -20.9486055546876
         -14.4051400369787          12.6894487776917          -21.787112914925
         -8.94295322226657          12.3128884528768         -20.3439857806325
         -11.0584088328122          11.1003109034943         -19.7666956290211
        -0.152660862166241          4.26057472159665         -7.01684516015306
         -6.65835062881812          3.97490102041934          -11.767961546027
         -8.48870902315596          13.5218580636305         -22.0648659073951
         -10.4526350034304           5.7302908824045         -14.2563815104583
         -9.08462009033708           9.8450523752317         -18.4642937531608
         -6.80353757257007          3.73790375918521         -11.5960244093555
         -12.3529594959711          11.7967896275347         -20.6619946042311
         -5.18948923067243          4.45137570476305          -11.625858106223
          -13.840485410802          14.9501544362335          -23.731136366333
         -6.79874829796507          3.51059255429128         -11.3681859709588
          -2.3417040944992          2.88863483208247         -7.02583730460388
         -6.44745975276713          3.11762550193742         -11.0203513813856
          -11.302210681058          14.0593041281696         -22.7778158977535
         -12.0972380111032          10.6834010799455         -19.5636779193799
         -1.47808909226523          4.88339254677165         -8.25721737429214
         -9.64387107948871          6.90528166498356         -14.7938145215065
